0.0719 0.0050 0.0569 0.0089 0.0054 0.0091 0.0541 0.0065 0.0053 0.0576 0.0053 0.0541 0.0589 0.0049 0.0081 0.0068 0.0521 0.0081 0.0075 0.0060 0.0719 0.0641 0.0719 0.0069 0.0075 0.0064 0.0047 0.0057 0.0056 0.0058 0.0056 0.0068 0.0066 0.0051 0.0045 0.0052 0.0056 0.0058 0.0045 0.0051 0.0053 0.0056 0.0050 0.0050 0.0459 0.0067 0.0767 0.0050 0.0064 0.0045 0.0060 0.0056 0.0056 0.0050 0.0050 0.0043 0.0049
0.0060 0.0594 0.0047 0.0089 0.0054 0.0091 0.0045 0.0225 0.0638 0.0048 0.0632 0.0045 0.0589 0.0049 0.0081 0.0068 0.0521 0.0081 0.0896 0.0719 0.0060 0.0070 0.0060 0.0069 0.0075 0.0769 0.0047 0.0057 0.0056 0.0058 0.0056 0.0068 0.0066 0.0051 0.0045 0.0629 0.0056 0.0058 0.0045 0.0051 0.0053 0.0056 0.0050 0.0050 0.0459 0.0067 0.0064 0.0050 0.0064 0.0045 0.0719 0.0056 0.0056 0.0050 0.0050 0.0043 0.0049
0.0719 0.0050 0.0569 0.0089 0.0054 0.0091 0.0541 0.0065 0.0053 0.0576 0.0632 0.0541 0.0049 0.0049 0.0081 0.0068 0.0278 0.0081 0.0075 0.0060 0.0719 0.0844 0.0719 0.0069 0.0075 0.0064 0.0047 0.0057 0.0056 0.0058 0.0056 0.0068 0.0066 0.0051 0.0045 0.0052 0.0056 0.0058 0.0045 0.0051 0.0053 0.0056 0.0050 0.0050 0.0459 0.0067 0.0767 0.0050 0.0064 0.0045 0.0060 0.0056 0.0056 0.0050 0.0050 0.0043 0.0049
0.0060 0.0050 0.0047 0.1071 0.0054 0.1095 0.0045 0.0065 0.0053 0.0048 0.0053 0.0045 0.0049 0.0049 0.0976 0.0068 0.0043 0.0976 0.0075 0.0060 0.0060 0.0070 0.0060 0.0069 0.0895 0.0064 0.0047 0.0057 0.0674 0.0699 0.0056 0.0068 0.0383 0.0051 0.0045 0.0052 0.0056 0.0058 0.0045 0.0607 0.0053 0.0056 0.0050 0.0050 0.0038 0.0067 0.0064 0.0050 0.0064 0.0045 0.0060 0.0056 0.0056 0.0050 0.0050 0.0043 0.0049
0.0060 0.0050 0.0047 0.0089 0.0642 0.0091 0.0045 0.0065 0.0053 0.0048 0.0053 0.0045 0.0049 0.0049 0.0081 0.0068 0.0043 0.0081 0.0075 0.0060 0.0060 0.0070 0.0060 0.0069 0.0075 0.0064 0.0047 0.0057 0.0674 0.0699 0.0669 0.0068 0.0066 0.0051 0.0542 0.0052 0.0056 0.0058 0.0539 0.0051 0.0635 0.0056 0.0600 0.0600 0.0038 0.0067 0.0064 0.0605 0.0064 0.0045 0.0060 0.0056 0.0056 0.0050 0.0076 0.0515 0.0590
0.0060 0.0050 0.0047 0.1071 0.0054 0.1095 0.0045 0.0065 0.0053 0.0048 0.0053 0.0045 0.0049 0.0049 0.0976 0.0068 0.0043 0.0976 0.0075 0.0060 0.0719 0.0844 0.0719 0.0069 0.0075 0.0064 0.0047 0.0057 0.0674 0.0058 0.0056 0.0068 0.0066 0.0051 0.0045 0.0052 0.0056 0.0058 0.0045 0.0294 0.0053 0.0056 0.0050 0.0050 0.0038 0.0067 0.0064 0.0050 0.0064 0.0045 0.0060 0.0056 0.0056 0.0050 0.0050 0.0043 0.0049
0.0719 0.0050 0.0569 0.0089 0.0054 0.0091 0.0541 0.0065 0.0053 0.0576 0.0632 0.0541 0.0589 0.0049 0.0081 0.0068 0.0521 0.0081 0.0075 0.0719 0.0719 0.0070 0.0060 0.0069 0.0075 0.0064 0.0047 0.0057 0.0056 0.0058 0.0056 0.0068 0.0066 0.0051 0.0045 0.0052 0.0056 0.0058 0.0045 0.0051 0.0053 0.0056 0.0050 0.0050 0.0450 0.0067 0.0767 0.0050 0.0064 0.0045 0.0060 0.0056 0.0056 0.0050 0.0050 0.0043 0.0049
0.0060 0.0594 0.0047 0.0089 0.0642 0.0091 0.0541 0.0777 0.0053 0.0048 0.0632 0.0045 0.0589 0.0049 0.0081 0.0289 0.0043 0.0081 0.0075 0.0060 0.0060 0.0070 0.0060 0.0069 0.0075 0.0769 0.0047 0.0685 0.0056 0.0058 0.0056 0.0068 0.0066 0.0611 0.0045 0.0052 0.0056 0.0058 0.0539 0.0051 0.0053 0.0056 0.0050 0.0050 0.0038 0.0067 0.0064 0.0050 0.0064 0.0045 0.0719 0.0056 0.0056 0.0050 0.0050 0.0043 0.0049
0.0060 0.0594 0.0047 0.0089 0.0054 0.0091 0.0045 0.0065 0.0638 0.0048 0.0053 0.0045 0.0050 0.0583 0.0081 0.0812 0.0521 0.0081 0.0896 0.0719 0.0060 0.0070 0.0060 0.0069 0.0075 0.0064 0.0047 0.0057 0.0056 0.0058 0.0056 0.0068 0.0066 0.0051 0.0045 0.0629 0.0056 0.0058 0.0045 0.0051 0.0053 0.0056 0.0050 0.0050 0.0459 0.0067 0.0064 0.0050 0.0769 0.0045 0.0719 0.0056 0.0056 0.0050 0.0050 0.0043 0.0049
0.0719 0.0050 0.0569 0.0089 0.0054 0.0091 0.0541 0.0065 0.0053 0.0576 0.0053 0.0541 0.0589 0.0049 0.0081 0.0068 0.0521 0.0081 0.0075 0.0719 0.0719 0.0844 0.0719 0.0069 0.0075 0.0064 0.0047 0.0057 0.0056 0.0058 0.0056 0.0068 0.0066 0.0051 0.0045 0.0052 0.0056 0.0058 0.0045 0.0051 0.0053 0.0056 0.0050 0.0050 0.0300 0.0067 0.0064 0.0050 0.0064 0.0045 0.0060 0.0056 0.0056 0.0050 0.0050 0.0043 0.0049
0.0060 0.0594 0.0569 0.0089 0.0054 0.0091 0.0541 0.0777 0.0053 0.0048 0.0632 0.0541 0.0589 0.0049 0.0081 0.0068 0.0521 0.0081 0.0075 0.0060 0.0060 0.0070 0.0060 0.0069 0.0075 0.0769 0.0047 0.0057 0.0056 0.0058 0.0056 0.0068 0.0066 0.0051 0.0045 0.0629 0.0056 0.0058 0.0045 0.0051 0.0053 0.0056 0.0050 0.0050 0.0459 0.0067 0.0064 0.0050 0.0064 0.0045 0.0719 0.0056 0.0056 0.0050 0.0050 0.0043 0.0049
0.0719 0.0050 0.0569 0.0089 0.0054 0.0091 0.0541 0.0065 0.0053 0.0576 0.0632 0.0541 0.0589 0.0049 0.0081 0.0068 0.0521 0.0081 0.0075 0.0719 0.0719 0.0070 0.0719 0.0069 0.0075 0.0064 0.0047 0.0057 0.0056 0.0058 0.0056 0.0068 0.0066 0.0051 0.0045 0.0052 0.0056 0.0058 0.0045 0.0051 0.0053 0.0056 0.0050 0.0050 0.0459 0.0067 0.0099 0.0050 0.0064 0.0045 0.0060 0.0056 0.0056 0.0050 0.0050 0.0043 0.0049
0.0719 0.0594 0.0047 0.0089 0.0054 0.0091 0.0541 0.0573 0.0053 0.0576 0.0632 0.0541 0.0589 0.0049 0.0081 0.0068 0.0521 0.0081 0.0896 0.0719 0.0060 0.0070 0.0060 0.0069 0.0075 0.0064 0.0047 0.0057 0.0056 0.0058 0.0056 0.0068 0.0066 0.0051 0.0045 0.0052 0.0056 0.0058 0.0045 0.0051 0.0053 0.0056 0.0050 0.0050 0.0459 0.0067 0.0064 0.0050 0.0064 0.0045 0.0060 0.0056 0.0056 0.0050 0.0050 0.0043 0.0049
0.0060 0.0146 0.0569 0.0089 0.0054 0.0091 0.0045 0.0065 0.0638 0.0048 0.0053 0.0045 0.0049 0.0583 0.0081 0.0812 0.0521 0.0081 0.0075 0.0719 0.0060 0.0070 0.0060 0.0069 0.0075 0.0769 0.0047 0.0057 0.0056 0.0058 0.0056 0.0068 0.0066 0.0051 0.0045 0.0629 0.0056 0.0058 0.0045 0.0051 0.0053 0.0056 0.0050 0.0050 0.0459 0.0067 0.0767 0.0050 0.0769 0.0045 0.0060 0.0056 0.0056 0.0050 0.0050 0.0043 0.0049
0.0060 0.0050 0.0047 0.1071 0.0054 0.1095 0.0045 0.0065 0.0053 0.0048 0.0053 0.0045 0.0049 0.0049 0.0976 0.0068 0.0043 0.0976 0.0075 0.0060 0.0060 0.0070 0.0060 0.0828 0.0895 0.0064 0.0047 0.0057 0.0056 0.0058 0.0056 0.0068 0.0795 0.0051 0.0045 0.0052 0.0056 0.0058 0.0045 0.0607 0.0053 0.0056 0.0050 0.0050 0.0038 0.0156 0.0064 0.0050 0.0064 0.0045 0.0060 0.0056 0.0056 0.0050 0.0050 0.0043 0.0049
0.0060 0.0594 0.0047 0.0089 0.0054 0.0091 0.0045 0.0777 0.0638 0.0048 0.0053 0.0045 0.0049 0.0583 0.0081 0.0812 0.0377 0.0081 0.0075 0.0060 0.0060 0.0070 0.0060 0.0069 0.0075 0.0769 0.0047 0.0685 0.0056 0.0058 0.0056 0.0068 0.0066 0.0051 0.0045 0.0629 0.0056 0.0058 0.0045 0.0051 0.0053 0.0056 0.0050 0.0050 0.0038 0.0067 0.0064 0.0050 0.0769 0.0045 0.0719 0.0056 0.0056 0.0050 0.0050 0.0043 0.0049
0.0060 0.0594 0.0569 0.0089 0.0054 0.0091 0.0541 0.0065 0.0585 0.0576 0.0632 0.0541 0.0589 0.0583 0.0081 0.0068 0.0521 0.0081 0.0896 0.0719 0.0060 0.0070 0.0060 0.0069 0.0075 0.0064 0.0047 0.0057 0.0056 0.0058 0.0056 0.0068 0.0066 0.0051 0.0045 0.0052 0.0056 0.0058 0.0045 0.0051 0.0053 0.0056 0.0050 0.0050 0.0038 0.0067 0.0064 0.0050 0.0064 0.0045 0.0060 0.0056 0.0056 0.0050 0.0050 0.0043 0.0049
0.0060 0.0050 0.0047 0.1071 0.0054 0.1095 0.0045 0.0065 0.0053 0.0048 0.0053 0.0045 0.0049 0.0049 0.0976 0.0068 0.0043 0.0976 0.0075 0.0060 0.0060 0.0844 0.0719 0.0069 0.0895 0.0064 0.0047 0.0057 0.0674 0.0058 0.0056 0.0068 0.0148 0.0051 0.0045 0.0052 0.0056 0.0058 0.0045 0.0051 0.0053 0.0056 0.0050 0.0050 0.0038 0.0067 0.0064 0.0050 0.0064 0.0045 0.0060 0.0056 0.0056 0.0050 0.0050 0.0043 0.0049
0.0060 0.0594 0.0047 0.0089 0.0642 0.0091 0.0541 0.0065 0.0638 0.0576 0.0091 0.0541 0.0589 0.0583 0.0081 0.0068 0.0521 0.0081 0.0896 0.0719 0.0060 0.0070 0.0060 0.0069 0.0075 0.0064 0.0047 0.0057 0.0056 0.0058 0.0056 0.0068 0.0066 0.0051 0.0045 0.0052 0.0056 0.0058 0.0045 0.0051 0.0053 0.0056 0.0050 0.0050 0.0459 0.0067 0.0064 0.0050 0.0064 0.0045 0.0060 0.0056 0.0056 0.0050 0.0050 0.0043 0.0049
0.0060 0.0594 0.0569 0.0089 0.0160 0.0091 0.0541 0.0065 0.0638 0.0576 0.0053 0.0541 0.0589 0.0583 0.0081 0.0068 0.0521 0.0081 0.0896 0.0719 0.0060 0.0070 0.0060 0.0069 0.0075 0.0064 0.0047 0.0057 0.0056 0.0058 0.0056 0.0068 0.0066 0.0051 0.0045 0.0052 0.0056 0.0058 0.0045 0.0051 0.0053 0.0056 0.0050 0.0050 0.0459 0.0067 0.0064 0.0050 0.0064 0.0045 0.0060 0.0056 0.0056 0.0050 0.0050 0.0043 0.0049
0.0719 0.0050 0.0569 0.0089 0.0054 0.0091 0.0541 0.0065 0.0053 0.0576 0.0053 0.0541 0.0386 0.0049 0.0081 0.0068 0.0521 0.0081 0.0075 0.0060 0.0719 0.0844 0.0719 0.0069 0.0075 0.0064 0.0047 0.0057 0.0056 0.0058 0.0056 0.0068 0.0066 0.0051 0.0045 0.0052 0.0056 0.0058 0.0045 0.0051 0.0053 0.0056 0.0050 0.0050 0.0459 0.0067 0.0767 0.0050 0.0064 0.0045 0.0060 0.0056 0.0056 0.0050 0.0050 0.0043 0.0049
0.0719 0.0050 0.0569 0.0089 0.0054 0.0091 0.0541 0.0065 0.0053 0.0576 0.0053 0.0541 0.0049 0.0583 0.0081 0.0068 0.0043 0.0976 0.0075 0.0060 0.0719 0.0844 0.0719 0.0069 0.0075 0.0064 0.0047 0.0057 0.0056 0.0058 0.0056 0.0068 0.0066 0.0051 0.0045 0.0141 0.0056 0.0058 0.0045 0.0051 0.0053 0.0056 0.0050 0.0050 0.0459 0.0067 0.0064 0.0050 0.0064 0.0045 0.0060 0.0056 0.0056 0.0050 0.0050 0.0043 0.0049
0.0719 0.0050 0.0569 0.0089 0.0054 0.0091 0.0541 0.0065 0.0053 0.0576 0.0053 0.0541 0.0049 0.0583 0.0081 0.0068 0.0323 0.0081 0.0075 0.0060 0.0719 0.0844 0.0719 0.0069 0.0075 0.0064 0.0047 0.0057 0.0056 0.0058 0.0056 0.0068 0.0066 0.0051 0.0045 0.0052 0.0056 0.0058 0.0045 0.0051 0.0053 0.0056 0.0050 0.0050 0.0459 0.0067 0.0767 0.0050 0.0064 0.0045 0.0060 0.0056 0.0056 0.0050 0.0050 0.0043 0.0049
0.0060 0.0050 0.0047 0.0089 0.0054 0.0091 0.0045 0.0065 0.0053 0.0048 0.0053 0.0045 0.0049 0.0049 0.0081 0.0068 0.0043 0.0081 0.0075 0.0060 0.0060 0.0070 0.0060 0.0828 0.0075 0.0064 0.0569 0.0057 0.0056 0.0058 0.0056 0.0813 0.0795 0.0611 0.0542 0.0052 0.0056 0.0058 0.0539 0.0051 0.0053 0.0056 0.0050 0.0050 0.0038 0.0806 0.0064 0.0050 0.0064 0.0541 0.0060 0.0056 0.0056 0.0600 0.0050 0.0515 0.0216
0.0060 0.0050 0.0047 0.0089 0.0054 0.0091 0.0045 0.0065 0.0053 0.0048 0.0053 0.0045 0.0049 0.0049 0.0976 0.0068 0.0043 0.0976 0.0075 0.0060 0.0060 0.0070 0.0060 0.0828 0.0895 0.0064 0.0047 0.0057 0.0056 0.0058 0.0056 0.0242 0.0795 0.0051 0.0045 0.0629 0.0056 0.0058 0.0045 0.0607 0.0053 0.0056 0.0050 0.0050 0.0038 0.0067 0.0064 0.0050 0.0769 0.0045 0.0060 0.0674 0.0056 0.0050 0.0050 0.0043 0.0049
0.0060 0.0594 0.0047 0.0089 0.0054 0.0091 0.0045 0.0777 0.0638 0.0048 0.0632 0.0045 0.0431 0.0583 0.0081 0.0812 0.0043 0.0081 0.0075 0.0060 0.0060 0.0070 0.0060 0.0069 0.0075 0.0769 0.0047 0.0057 0.0056 0.0058 0.0056 0.0068 0.0066 0.0051 0.0045 0.0629 0.0056 0.0058 0.0045 0.0051 0.0053 0.0056 0.0050 0.0050 0.0038 0.0067 0.0064 0.0050 0.0769 0.0045 0.0719 0.0056 0.0056 0.0050 0.0050 0.0043 0.0049
0.0060 0.0050 0.0047 0.0089 0.0054 0.0091 0.0045 0.0065 0.0053 0.0048 0.0053 0.0045 0.0049 0.0049 0.0081 0.0068 0.0043 0.0081 0.0075 0.0060 0.0060 0.0070 0.0060 0.0828 0.0075 0.0064 0.0569 0.0057 0.0056 0.0058 0.0121 0.0813 0.0795 0.0611 0.0045 0.0052 0.0056 0.0058 0.0045 0.0051 0.0053 0.0056 0.0050 0.0050 0.0038 0.0806 0.0064 0.0050 0.0064 0.0541 0.0060 0.0056 0.0056 0.0600 0.0601 0.0515 0.0590
0.0060 0.0050 0.0047 0.0089 0.0054 0.0091 0.0045 0.0777 0.0053 0.0048 0.0053 0.0045 0.0049 0.0049 0.0081 0.0812 0.0043 0.0081 0.0075 0.0060 0.0060 0.0070 0.0060 0.0069 0.0075 0.0064 0.0047 0.0685 0.0056 0.0058 0.0056 0.0813 0.0066 0.0051 0.0045 0.0052 0.0674 0.0319 0.0045 0.0051 0.0053 0.0056 0.0600 0.0600 0.0038 0.0067 0.0064 0.0605 0.0769 0.0045 0.0719 0.0056 0.0056 0.0050 0.0050 0.0043 0.0049
0.0060 0.0050 0.0047 0.1071 0.0642 0.0876 0.0045 0.0065 0.0053 0.0048 0.0053 0.0045 0.0049 0.0049 0.0081 0.0068 0.0043 0.0081 0.0075 0.0060 0.0060 0.0070 0.0060 0.0069 0.0075 0.0064 0.0047 0.0057 0.0674 0.0699 0.0669 0.0068 0.0066 0.0051 0.0542 0.0052 0.0056 0.0058 0.0539 0.0051 0.0053 0.0056 0.0050 0.0050 0.0038 0.0067 0.0064 0.0050 0.0064 0.0541 0.0060 0.0056 0.0056 0.0050 0.0050 0.0515 0.0590
0.0060 0.0050 0.0047 0.0089 0.0642 0.0091 0.0045 0.0065 0.0053 0.0048 0.0053 0.0045 0.0049 0.0049 0.0081 0.0068 0.0043 0.0081 0.0075 0.0060 0.0060 0.0070 0.0060 0.0069 0.0075 0.0064 0.0569 0.0057 0.0674 0.0699 0.0669 0.0068 0.0066 0.0195 0.0542 0.0052 0.0056 0.0058 0.0539 0.0051 0.0053 0.0056 0.0050 0.0050 0.0038 0.0067 0.0064 0.0050 0.0064 0.0541 0.0060 0.0056 0.0056 0.0600 0.0601 0.0515 0.0590
0.0060 0.0050 0.0047 0.0089 0.0642 0.0091 0.0045 0.0065 0.0053 0.0048 0.0053 0.0045 0.0049 0.0049 0.0081 0.0068 0.0043 0.0081 0.0075 0.0060 0.0060 0.0070 0.0060 0.0069 0.0075 0.0064 0.0569 0.0057 0.0674 0.0699 0.0669 0.0068 0.0066 0.0195 0.0542 0.0052 0.0056 0.0058 0.0539 0.0051 0.0053 0.0056 0.0050 0.0050 0.0038 0.0067 0.0064 0.0050 0.0064 0.0541 0.0060 0.0056 0.0056 0.0600 0.0601 0.0515 0.0590
0.0060 0.0050 0.0047 0.0089 0.0054 0.0091 0.0045 0.0065 0.0053 0.0048 0.0053 0.0045 0.0049 0.0049 0.0081 0.0068 0.0043 0.0081 0.0075 0.0060 0.0060 0.0070 0.0060 0.0828 0.0075 0.0064 0.0569 0.0685 0.0056 0.0058 0.0056 0.0813 0.0795 0.0611 0.0542 0.0052 0.0056 0.0058 0.0077 0.0051 0.0053 0.0056 0.0050 0.0050 0.0038 0.0806 0.0064 0.0050 0.0064 0.0541 0.0060 0.0056 0.0056 0.0600 0.0050 0.0515 0.0049
0.0060 0.0050 0.0047 0.0089 0.0054 0.0091 0.0045 0.0065 0.0053 0.0048 0.0053 0.0045 0.0049 0.0049 0.0976 0.0068 0.0043 0.0081 0.0075 0.0060 0.0060 0.0070 0.0060 0.0828 0.0895 0.0064 0.0569 0.0057 0.0056 0.0058 0.0056 0.0813 0.0795 0.0611 0.0511 0.0052 0.0056 0.0058 0.0539 0.0051 0.0053 0.0056 0.0050 0.0050 0.0038 0.0806 0.0064 0.0050 0.0064 0.0045 0.0060 0.0056 0.0056 0.0050 0.0050 0.0043 0.0049
0.0060 0.0050 0.0047 0.0089 0.0054 0.0091 0.0045 0.0777 0.0053 0.0048 0.0053 0.0045 0.0049 0.0049 0.0081 0.0068 0.0043 0.0081 0.0075 0.0060 0.0060 0.0070 0.0060 0.0828 0.0075 0.0064 0.0569 0.0057 0.0056 0.0058 0.0060 0.0813 0.0795 0.0611 0.0542 0.0052 0.0056 0.0058 0.0539 0.0051 0.0053 0.0056 0.0050 0.0050 0.0038 0.0806 0.0064 0.0050 0.0064 0.0541 0.0060 0.0056 0.0056 0.0050 0.0050 0.0515 0.0049
0.0060 0.0050 0.0047 0.0089 0.0227 0.0091 0.0045 0.0065 0.0053 0.0048 0.0053 0.0045 0.0049 0.0049 0.0081 0.0068 0.0043 0.0081 0.0075 0.0060 0.0060 0.0070 0.0060 0.0069 0.0075 0.0064 0.0569 0.0057 0.0674 0.0699 0.0669 0.0068 0.0066 0.0611 0.0542 0.0052 0.0056 0.0058 0.0539 0.0051 0.0053 0.0056 0.0050 0.0050 0.0038 0.0067 0.0064 0.0050 0.0064 0.0541 0.0060 0.0056 0.0056 0.0600 0.0601 0.0515 0.0590
0.0060 0.0594 0.0047 0.0089 0.0054 0.0091 0.0045 0.0065 0.0638 0.0048 0.0632 0.0045 0.0049 0.0583 0.0081 0.0782 0.0043 0.0081 0.0075 0.0060 0.0060 0.0070 0.0060 0.0069 0.0075 0.0769 0.0047 0.0057 0.0056 0.0058 0.0056 0.0068 0.0066 0.0051 0.0045 0.0629 0.0056 0.0058 0.0045 0.0051 0.0053 0.0056 0.0050 0.0050 0.0459 0.0067 0.0767 0.0050 0.0769 0.0045 0.0719 0.0056 0.0056 0.0050 0.0050 0.0043 0.0049
0.0060 0.0050 0.0047 0.0089 0.0246 0.0091 0.0045 0.0065 0.0053 0.0048 0.0053 0.0045 0.0049 0.0049 0.0081 0.0068 0.0043 0.0081 0.0075 0.0060 0.0060 0.0070 0.0060 0.0069 0.0075 0.0064 0.0047 0.0685 0.0056 0.0058 0.0056 0.0068 0.0066 0.0051 0.0045 0.0052 0.0674 0.0700 0.0045 0.0607 0.0635 0.0674 0.0600 0.0600 0.0038 0.0067 0.0064 0.0605 0.0064 0.0045 0.0060 0.0674 0.0674 0.0050 0.0050 0.0043 0.0049
0.0060 0.0050 0.0047 0.0089 0.0054 0.0091 0.0045 0.0065 0.0053 0.0048 0.0053 0.0045 0.0049 0.0049 0.0081 0.0068 0.0043 0.0081 0.0075 0.0060 0.0060 0.0070 0.0060 0.0069 0.0075 0.0064 0.0047 0.0685 0.0056 0.0058 0.0056 0.0068 0.0066 0.0051 0.0045 0.0052 0.0674 0.0700 0.0045 0.0607 0.0635 0.0674 0.0600 0.0600 0.0038 0.0067 0.0064 0.0605 0.0064 0.0045 0.0060 0.0674 0.0674 0.0050 0.0243 0.0043 0.0049
0.0060 0.0050 0.0047 0.0089 0.0642 0.0091 0.0045 0.0722 0.0053 0.0048 0.0053 0.0045 0.0049 0.0049 0.0081 0.0068 0.0043 0.0081 0.0075 0.0060 0.0060 0.0070 0.0060 0.0069 0.0075 0.0064 0.0047 0.0057 0.0674 0.0699 0.0669 0.0068 0.0066 0.0611 0.0542 0.0052 0.0056 0.0058 0.0539 0.0051 0.0053 0.0056 0.0050 0.0050 0.0038 0.0067 0.0064 0.0050 0.0064 0.0541 0.0060 0.0056 0.0056 0.0600 0.0050 0.0515 0.0590
0.0060 0.0050 0.0047 0.0089 0.0054 0.0091 0.0045 0.0065 0.0053 0.0048 0.0053 0.0045 0.0049 0.0049 0.0081 0.0068 0.0043 0.0081 0.0075 0.0060 0.0060 0.0070 0.0060 0.0069 0.0895 0.0064 0.0047 0.0057 0.0056 0.0058 0.0056 0.0068 0.0066 0.0051 0.0045 0.0052 0.0674 0.0700 0.0045 0.0607 0.0635 0.0674 0.0600 0.0600 0.0038 0.0067 0.0064 0.0605 0.0064 0.0045 0.0060 0.0674 0.0674 0.0050 0.0050 0.0043 0.0049
0.0060 0.0050 0.0047 0.0089 0.0323 0.0091 0.0045 0.0065 0.0053 0.0048 0.0053 0.0045 0.0049 0.0049 0.0081 0.0068 0.0043 0.0081 0.0075 0.0060 0.0060 0.0070 0.0060 0.0069 0.0075 0.0064 0.0047 0.0057 0.0056 0.0058 0.0056 0.0068 0.0066 0.0051 0.0045 0.0052 0.0674 0.0700 0.0045 0.0607 0.0635 0.0674 0.0600 0.0600 0.0038 0.0067 0.0064 0.0605 0.0064 0.0045 0.0060 0.0674 0.0674 0.0050 0.0601 0.0043 0.0049
0.0060 0.0050 0.0047 0.0089 0.0323 0.0091 0.0045 0.0065 0.0053 0.0048 0.0053 0.0045 0.0049 0.0049 0.0081 0.0068 0.0043 0.0081 0.0075 0.0060 0.0060 0.0070 0.0060 0.0069 0.0075 0.0064 0.0047 0.0057 0.0056 0.0058 0.0056 0.0068 0.0066 0.0051 0.0045 0.0052 0.0674 0.0700 0.0045 0.0607 0.0635 0.0674 0.0600 0.0600 0.0038 0.0067 0.0064 0.0605 0.0064 0.0045 0.0060 0.0674 0.0674 0.0050 0.0601 0.0043 0.0049
0.0060 0.0050 0.0047 0.0089 0.0642 0.0091 0.0045 0.0065 0.0053 0.0048 0.0053 0.0045 0.0049 0.0049 0.0081 0.0068 0.0043 0.0081 0.0075 0.0060 0.0060 0.0070 0.0060 0.0069 0.0075 0.0064 0.0047 0.0289 0.0056 0.0058 0.0056 0.0068 0.0066 0.0051 0.0045 0.0052 0.0674 0.0700 0.0045 0.0607 0.0635 0.0674 0.0600 0.0600 0.0038 0.0067 0.0064 0.0605 0.0064 0.0045 0.0060 0.0674 0.0674 0.0050 0.0050 0.0043 0.0049
0.0060 0.0050 0.0047 0.0089 0.0054 0.0091 0.0045 0.0065 0.0053 0.0048 0.0053 0.0045 0.0049 0.0049 0.0081 0.0068 0.0043 0.0081 0.0075 0.0060 0.0060 0.0070 0.0060 0.0069 0.0075 0.0064 0.0047 0.0685 0.0056 0.0058 0.0056 0.0068 0.0066 0.0051 0.0045 0.0052 0.0674 0.0700 0.0045 0.0249 0.0635 0.0674 0.0600 0.0600 0.0038 0.0067 0.0064 0.0605 0.0064 0.0045 0.0060 0.0674 0.0674 0.0050 0.0601 0.0043 0.0049
0.0060 0.0594 0.0569 0.0089 0.0054 0.0091 0.0045 0.0065 0.0638 0.0454 0.0632 0.0541 0.0589 0.0583 0.0081 0.0068 0.0043 0.0081 0.0896 0.0060 0.0060 0.0070 0.0060 0.0069 0.0075 0.0064 0.0047 0.0057 0.0056 0.0058 0.0056 0.0068 0.0066 0.0051 0.0045 0.0629 0.0056 0.0058 0.0045 0.0051 0.0053 0.0056 0.0050 0.0050 0.0459 0.0067 0.0767 0.0050 0.0064 0.0045 0.0060 0.0056 0.0056 0.0050 0.0050 0.0043 0.0049
0.0060 0.0050 0.0047 0.0089 0.0054 0.0091 0.0045 0.0065 0.0053 0.0048 0.0053 0.0045 0.0049 0.0049 0.0081 0.0068 0.0043 0.0081 0.0075 0.0060 0.0060 0.0070 0.0060 0.0828 0.0075 0.0064 0.0569 0.0057 0.0056 0.0058 0.0056 0.0813 0.0795 0.0611 0.0045 0.0052 0.0056 0.0058 0.0539 0.0051 0.0053 0.0056 0.0050 0.0050 0.0038 0.0806 0.0064 0.0050 0.0064 0.0541 0.0060 0.0056 0.0056 0.0600 0.0173 0.0515 0.0590
0.0719 0.0050 0.0569 0.0089 0.0054 0.0091 0.0541 0.0065 0.0053 0.0576 0.0053 0.0541 0.0049 0.0583 0.0081 0.0068 0.0520 0.0081 0.0075 0.0060 0.0719 0.0070 0.0719 0.0069 0.0075 0.0064 0.0047 0.0057 0.0056 0.0058 0.0056 0.0068 0.0066 0.0051 0.0045 0.0629 0.0056 0.0058 0.0045 0.0051 0.0053 0.0056 0.0050 0.0050 0.0459 0.0067 0.0767 0.0050 0.0064 0.0045 0.0060 0.0056 0.0056 0.0050 0.0050 0.0043 0.0049
0.0060 0.0050 0.0047 0.0089 0.0054 0.0091 0.0045 0.0065 0.0053 0.0048 0.0053 0.0045 0.0049 0.0049 0.0081 0.0068 0.0043 0.0081 0.0075 0.0060 0.0060 0.0070 0.0060 0.0069 0.0075 0.0064 0.0047 0.0685 0.0056 0.0058 0.0056 0.0068 0.0066 0.0051 0.0045 0.0052 0.0674 0.0700 0.0045 0.0607 0.0635 0.0674 0.0600 0.0600 0.0038 0.0067 0.0064 0.0605 0.0064 0.0045 0.0060 0.0674 0.0674 0.0050 0.0243 0.0043 0.0049
0.0060 0.0050 0.0047 0.0089 0.0054 0.0091 0.0045 0.0065 0.0638 0.0048 0.0053 0.0045 0.0049 0.0583 0.0081 0.0812 0.0043 0.0081 0.0075 0.0060 0.0060 0.0070 0.0060 0.0069 0.0076 0.0769 0.0047 0.0685 0.0056 0.0058 0.0056 0.0068 0.0066 0.0051 0.0045 0.0629 0.0056 0.0058 0.0045 0.0051 0.0053 0.0056 0.0600 0.0050 0.0459 0.0067 0.0064 0.0050 0.0769 0.0045 0.0719 0.0056 0.0674 0.0050 0.0050 0.0043 0.0049
0.0060 0.0050 0.0047 0.0089 0.0054 0.0091 0.0045 0.0065 0.0053 0.0048 0.0053 0.0045 0.0049 0.0049 0.0081 0.0068 0.0043 0.0081 0.0075 0.0060 0.0060 0.0070 0.0060 0.0069 0.0075 0.0064 0.0569 0.0057 0.0674 0.0699 0.0669 0.0068 0.0066 0.0611 0.0542 0.0052 0.0056 0.0058 0.0539 0.0051 0.0053 0.0056 0.0050 0.0050 0.0038 0.0240 0.0064 0.0050 0.0064 0.0541 0.0060 0.0056 0.0056 0.0600 0.0601 0.0515 0.0590
0.0060 0.0594 0.0047 0.0089 0.0054 0.0091 0.0045 0.0777 0.0638 0.0048 0.0632 0.0045 0.0049 0.0336 0.0081 0.0812 0.0043 0.0081 0.0075 0.0060 0.0060 0.0070 0.0060 0.0069 0.0075 0.0769 0.0047 0.0685 0.0056 0.0058 0.0056 0.0068 0.0066 0.0051 0.0045 0.0629 0.0056 0.0058 0.0045 0.0051 0.0053 0.0056 0.0050 0.0050 0.0038 0.0067 0.0064 0.0050 0.0769 0.0045 0.0719 0.0056 0.0056 0.0050 0.0050 0.0043 0.0049
0.0060 0.0050 0.0047 0.0089 0.0054 0.0091 0.0045 0.0065 0.0053 0.0048 0.0053 0.0045 0.0049 0.0049 0.0081 0.0068 0.0043 0.0081 0.0075 0.0060 0.0060 0.0070 0.0060 0.0069 0.0895 0.0064 0.0047 0.0057 0.0056 0.0058 0.0056 0.0068 0.0066 0.0051 0.0045 0.0052 0.0674 0.0700 0.0045 0.0607 0.0635 0.0674 0.0600 0.0600 0.0038 0.0067 0.0064 0.0605 0.0064 0.0045 0.0060 0.0674 0.0674 0.0050 0.0050 0.0043 0.0049
0.0060 0.0050 0.0047 0.0089 0.0642 0.0091 0.0045 0.0065 0.0053 0.0048 0.0053 0.0045 0.0049 0.0049 0.0081 0.0068 0.0043 0.0081 0.0075 0.0060 0.0060 0.0070 0.0060 0.0069 0.0075 0.0064 0.0047 0.0289 0.0056 0.0058 0.0056 0.0068 0.0066 0.0051 0.0045 0.0052 0.0674 0.0700 0.0045 0.0607 0.0635 0.0674 0.0600 0.0600 0.0038 0.0067 0.0064 0.0605 0.0064 0.0045 0.0060 0.0674 0.0674 0.0050 0.0050 0.0043 0.0049
0.0060 0.0050 0.0047 0.0089 0.0054 0.0091 0.0045 0.0065 0.0053 0.0048 0.0053 0.0045 0.0049 0.0049 0.0081 0.0068 0.0043 0.0081 0.0075 0.0060 0.0060 0.0070 0.0060 0.0069 0.0075 0.0064 0.0569 0.0057 0.0056 0.0058 0.0669 0.0813 0.0066 0.0559 0.0542 0.0052 0.0056 0.0058 0.0539 0.0051 0.0053 0.0056 0.0050 0.0050 0.0038 0.0806 0.0064 0.0050 0.0064 0.0541 0.0060 0.0056 0.0056 0.0600 0.0601 0.0515 0.0590
0.0060 0.0050 0.0047 0.0089 0.0054 0.0091 0.0045 0.0065 0.0053 0.0048 0.0053 0.0045 0.0049 0.0049 0.0081 0.0068 0.0043 0.0081 0.0075 0.0060 0.0060 0.0070 0.0060 0.0069 0.0075 0.0064 0.0569 0.0057 0.0056 0.0327 0.0669 0.0068 0.0066 0.0051 0.0542 0.0052 0.0056 0.0058 0.0045 0.0051 0.0635 0.0674 0.0050 0.0600 0.0038 0.0067 0.0064 0.0517 0.0064 0.0541 0.0060 0.0056 0.0056 0.0600 0.0601 0.0515 0.0590
0.0060 0.0050 0.0047 0.0089 0.0106 0.0091 0.0045 0.0065 0.0053 0.0048 0.0053 0.0045 0.0049 0.0049 0.0081 0.0068 0.0043 0.0081 0.0075 0.0060 0.0060 0.0070 0.0060 0.0069 0.0075 0.0064 0.0569 0.0057 0.0056 0.0699 0.0669 0.0068 0.0066 0.0611 0.0542 0.0052 0.0056 0.0058 0.0539 0.0051 0.0053 0.0056 0.0050 0.0050 0.0038 0.0806 0.0064 0.0050 0.0064 0.0541 0.0060 0.0056 0.0056 0.0600 0.0601 0.0515 0.0590
0.0060 0.0050 0.0047 0.0089 0.0642 0.0091 0.0045 0.0065 0.0053 0.0048 0.0053 0.0045 0.0049 0.0049 0.0081 0.0068 0.0043 0.0081 0.0075 0.0060 0.0060 0.0070 0.0060 0.0069 0.0075 0.0064 0.0569 0.0057 0.0674 0.0699 0.0669 0.0068 0.0066 0.0195 0.0542 0.0052 0.0056 0.0058 0.0539 0.0051 0.0053 0.0056 0.0050 0.0050 0.0038 0.0067 0.0064 0.0050 0.0064 0.0541 0.0060 0.0056 0.0056 0.0600 0.0601 0.0515 0.0590
